10200 0.000017 0.000127
10400 0.000009 0.000296
10600 0.000012 0.000326
10800 0.000009 0.000245
11000 0.000007 0.000031
11200 0.000009 0.000061
11400 0.000011 0.000201
11600 0.000007 0.000107
11800 0.000009 0.000098
12000 0.000007 0.000198
12200 0.000012 0.000070
12400 0.000008 0.000002
12600 0.000011 0.000266
12800 0.000010 0.000411
13000 0.000010 0.000222
13200 0.000011 0.000373
13400 0.000009 0.000201
13600 0.000009 0.000056
13800 0.000012 0.000417
14000 0.000010 0.000372
14200 0.000008 0.000158
14400 0.000006 0.000134
14600 0.000011 0.000155
14800 0.000008 0.000216
15000 0.000009 0.000324
15200 0.000008 0.000276
15400 0.000011 0.000285
15600 0.000006 0.000119
15800 0.000006 0.000065
16000 0.000008 0.000120
16200 0.000008 0.000020
16400 0.000010 0.000242
16600 0.000007 0.000102
16800 0.000009 0.000511
17000 0.000007 0.000248
17200 0.000009 0.000031
17400 0.000009 0.000108
17600 0.000008 0.000225
17800 0.000009 0.000002
18000 0.000010 0.000203
18200 0.000008 0.000062
18400 0.000010 0.000355
18600 0.000008 0.000337
18800 0.000009 0.000390
19000 0.000007 0.000077
19200 0.000011 0.000002
19400 0.000011 0.000693
19600 0.000010 0.000025
19800 0.000012 0.000441
20000 0.000010 0.000205
20200 0.000011 0.000540
20400 0.000009 0.000087
20600 0.000011 0.000156
20800 0.000012 0.000518
21000 0.000009 0.000087
21200 0.000010 0.000137
21400 0.000012 0.000480
21600 0.000013 0.000177
21800 0.000012 0.000444
22000 0.000009 0.000001
22200 0.000012 0.000099
22400 0.000012 0.000077
22600 0.000010 0.000066
22800 0.000014 0.001328
23000 0.000016 0.000299
23200 0.000010 0.000107
23400 0.000010 0.000272
23600 0.000011 0.000302
23800 0.000013 0.000491
24000 0.000011 0.000672
24200 0.000012 0.000645
24400 0.000011 0.000002
24600 0.000010 0.000472
24800 0.000010 0.000002
25000 0.000011 0.000225
25200 0.000012 0.000958
25400 0.000011 0.000515
25600 0.000012 0.000103
25800 0.000011 0.000260
26000 0.000011 0.000129
26200 0.000010 0.000119
26400 0.000012 0.000888
26600 0.000012 0.000002
26800 0.000013 0.000002
27000 0.000010 0.000322
27200 0.000011 0.000002
27400 0.000012 0.000499
27600 0.000012 0.000726
27800 0.000012 0.000093
28000 0.000010 0.000135
28200 0.000009 0.000579
28400 0.000010 0.000803
28600 0.000011 0.000311
28800 0.000011 0.000752
29000 0.000013 0.001142
29200 0.000011 0.000581
29400 0.000011 0.000131
29600 0.000011 0.000967
29800 0.000011 0.000245
