10200 0.000152 0.000376
10400 0.000102 0.000201
10600 0.000102 0.000191
10800 0.000098 0.000248
11000 0.000082 0.000278
11200 0.000112 0.000240
11400 0.000103 0.000201
11600 0.000070 0.000183
11800 0.000100 0.000274
12000 0.000077 0.000187
12200 0.000123 0.000319
12400 0.000097 0.000337
12600 0.000151 0.000257
12800 0.000116 0.000245
13000 0.000120 0.000243
13200 0.000121 0.000259
13400 0.000107 0.000235
13600 0.000114 0.000306
13800 0.000126 0.000293
14000 0.000118 0.000245
14200 0.000107 0.000256
14400 0.000092 0.000230
14600 0.000132 0.000410
14800 0.000106 0.000239
15000 0.000131 0.000271
15200 0.000113 0.000245
15400 0.000133 0.000294
15600 0.000106 0.000250
15800 0.000144 0.000363
16000 0.000118 0.000278
16200 0.000130 0.000307
16400 0.000178 0.000310
16600 0.000117 0.000314
16800 0.000149 0.000327
17000 0.000120 0.000277
17200 0.000156 0.000419
17400 0.000137 0.000323
17600 0.000163 0.000349
17800 0.000147 0.000365
18000 0.000172 0.000382
18200 0.000145 0.000367
18400 0.000178 0.000428
18600 0.000198 0.000335
18800 0.000176 0.000372
19000 0.000155 0.000346
19200 0.000186 0.000648
19400 0.000208 0.000462
19600 0.000167 0.000412
19800 0.000190 0.000385
20000 0.000166 0.000348
20200 0.000187 0.000408
20400 0.000212 0.000361
20600 0.000189 0.000518
20800 0.000193 0.000432
21000 0.000179 0.000474
21200 0.000202 0.000588
21400 0.000199 0.000437
21600 0.000198 0.000542
21800 0.000203 0.000524
22000 0.000217 0.000439
22200 0.000210 0.000553
22400 0.000273 0.000764
22600 0.000203 0.000517
22800 0.000245 0.000793
23000 0.000242 0.000915
23200 0.000200 0.000511
23400 0.000257 0.000585
23600 0.000226 0.000564
23800 0.000263 0.000481
24000 0.000231 0.000560
24200 0.000238 0.000543
24400 0.000265 0.000569
24600 0.000228 0.000524
24800 0.000265 0.000729
25000 0.000246 0.000770
25200 0.000244 0.000569
25400 0.000305 0.000957
25600 0.000237 0.000797
25800 0.000245 0.000764
26000 0.000241 0.000750
26200 0.000235 0.000744
26400 0.000260 0.000624
26600 0.000259 0.001083
26800 0.000323 0.001008
27000 0.000249 0.000559
27200 0.000299 0.000865
27400 0.000272 0.000701
27600 0.000271 0.000690
27800 0.000272 0.000902
28000 0.000260 0.000646
28200 0.000261 0.000683
28400 0.000280 0.000682
28600 0.000280 0.000819
28800 0.000281 0.000674
29000 0.000286 0.000773
29200 0.000283 0.000724
29400 0.000318 0.000845
29600 0.000332 0.000674
29800 0.000334 0.000951
