10200 0.005368 0.004845
10400 0.004253 0.004131
10600 0.004396 0.004227
10800 0.004428 0.004306
11000 0.004515 0.004454
11200 0.004639 0.004467
11400 0.004694 0.004534
11600 0.004898 0.004611
11800 0.004899 0.004700
12000 0.004940 0.004779
12200 0.005077 0.004874
12400 0.005152 0.004918
12600 0.005209 0.005052
12800 0.005283 0.005102
13000 0.005415 0.005209
13200 0.005491 0.005284
13400 0.005551 0.005364
13600 0.005737 0.005433
13800 0.005795 0.005519
14000 0.005846 0.005623
14200 0.005902 0.005715
14400 0.006018 0.005764
14600 0.006094 0.005902
14800 0.006214 0.005959
15000 0.006276 0.006091
15200 0.006339 0.006134
15400 0.006483 0.006257
15600 0.006575 0.006323
15800 0.006654 0.006395
16000 0.006711 0.006481
16200 0.006796 0.006582
16400 0.006932 0.006648
16600 0.006999 0.006724
16800 0.007098 0.006804
17000 0.007184 0.006890
17200 0.007327 0.006973
17400 0.007391 0.007080
17600 0.007513 0.007157
17800 0.007555 0.007209
18000 0.007696 0.007323
18200 0.007742 0.007371
18400 0.007884 0.007471
18600 0.007957 0.007549
18800 0.008119 0.007709
19000 0.008146 0.007732
19200 0.008240 0.007849
19400 0.008355 0.007961
19600 0.008445 0.007960
19800 0.008586 0.008085
20000 0.008650 0.008169
20200 0.009424 0.008227
20400 0.009537 0.008297
20600 0.009697 0.008426
20800 0.009763 0.008466
21000 0.009932 0.008574
21200 0.009942 0.008645
21400 0.010081 0.008685
21600 0.010354 0.008795
21800 0.010223 0.008922
22000 0.010442 0.008964
22200 0.010641 0.009071
22400 0.010848 0.009140
22600 0.010968 0.009203
22800 0.011240 0.009332
23000 0.011158 0.009404
23200 0.011524 0.009515
23400 0.014015 0.009559
23600 0.011478 0.009640
23800 0.011883 0.009700
24000 0.011737 0.009826
24200 0.011780 0.009890
24400 0.012137 0.010005
24600 0.012444 0.010085
24800 0.012778 0.010173
25000 0.012588 0.010195
25200 0.015335 0.010387
25400 0.012718 0.010409
25600 0.012880 0.010470
25800 0.012999 0.010578
26000 0.013182 0.010643
26200 0.013268 0.010730
26400 0.013433 0.010815
26600 0.013675 0.010894
26800 0.013722 0.011045
27000 0.013861 0.011176
27200 0.014315 0.011186
27400 0.014414 0.011238
27600 0.014342 0.011352
27800 0.014279 0.011393
28000 0.014639 0.011508
28200 0.014563 0.011577
28400 0.014701 0.011685
28600 0.015034 0.011766
28800 0.015145 0.011806
29000 0.015075 0.011884
29200 0.015554 0.011958
29400 0.015443 0.012031
29600 0.015558 0.012111
29800 0.015649 0.012253
