40100 0.000272 0.000002
40200 0.000372 0.000001
40300 0.000330 0.000002
40400 0.000508 0.000003
40500 0.000271 0.000001
40600 0.000311 0.000001
40700 0.000400 0.000002
40800 0.000264 0.000001
40900 0.000431 0.000002
41000 0.000322 0.000001
41100 0.000473 0.000002
41200 0.000329 0.000001
41300 0.000338 0.000001
41400 0.000343 0.000001
41500 0.000600 0.000003
41600 0.000442 0.000002
41700 0.000482 0.000002
41800 0.000308 0.000001
41900 0.000292 0.000001
42000 0.000466 0.000002
42100 0.000456 0.000002
42200 0.000307 0.000001
42300 0.000324 0.000001
42400 0.000317 0.000001
42500 0.000324 0.000001
42600 0.000438 0.000003
42700 0.000482 0.000003
42800 0.000357 0.000002
42900 0.000328 0.000001
43000 0.000314 0.000001
43100 0.000309 0.000001
43200 0.000310 0.000001
43300 0.000368 0.000002
43400 0.000317 0.000001
43500 0.000326 0.000001
43600 0.000320 0.000001
43700 0.000328 0.000001
43800 0.000416 0.000002
43900 0.000329 0.000001
44000 0.000336 0.000001
44100 0.000317 0.000001
44200 0.000332 0.000001
44300 0.000370 0.000001
44400 0.000323 0.000001
44500 0.000399 0.000002
44600 0.000335 0.000001
44700 0.000334 0.000001
44800 0.000385 0.000001
44900 0.000420 0.000002
45000 0.000420 0.000002
45100 0.000339 0.000001
45200 0.000344 0.000001
45300 0.000350 0.000001
45400 0.000357 0.000001
45500 0.000359 0.000001
45600 0.000351 0.000001
45700 0.000355 0.000002
45800 0.000368 0.000001
45900 0.000359 0.000001
46000 0.000386 0.000001
46100 0.000440 0.000002
46200 0.000359 0.000001
46300 0.000375 0.000001
46400 0.000361 0.000001
46500 0.000370 0.000001
46600 0.000389 0.000001
46700 0.000382 0.000001
46800 0.000361 0.000001
46900 0.000394 0.000001
47000 0.000374 0.000001
47100 0.000389 0.000002
47200 0.000374 0.000001
47300 0.000388 0.000001
47400 0.000428 0.000001
47500 0.000386 0.000001
47600 0.000390 0.000001
47700 0.000387 0.000002
47800 0.000448 0.000002
47900 0.000528 0.000001
48000 0.000395 0.000002
48100 0.000437 0.000001
48200 0.000415 0.000002
48300 0.000391 0.000002
48400 0.000401 0.000001
48500 0.000466 0.000002
48600 0.000399 0.000001
48700 0.000432 0.000002
48800 0.000397 0.000002
48900 0.000446 0.000002
49000 0.000400 0.000002
49100 0.000408 0.000001
49200 0.000413 0.000001
49300 0.000421 0.000001
49400 0.000401 0.000002
49500 0.000444 0.000001
49600 0.000420 0.000001
49700 0.000429 0.000001
49800 0.000419 0.000001
49900 0.000450 0.000001
